genomestart 81
trait 1 0.1 0 0.7183387153825674 0 0 0 0.8750209073850185 0
trait 2 0.2 0 0 0 0 0 0 0
trait 3 0.3 0 0 0 0 0 0 0
node 1 1 1 3 SigmoidSteepenedActivation
node 2 1 1 1 SigmoidSteepenedActivation
node 3 1 1 1 SigmoidSteepenedActivation
node 4 1 1 1 SigmoidSteepenedActivation
node 5 1 1 1 SigmoidSteepenedActivation
node 6 1 0 2 SigmoidSteepenedActivation
node 7 1 0 2 SigmoidSteepenedActivation
gene 1 1 6 -2.3601030307997783 false 1 -2.3601030307997783 true
gene 2 2 6 -1.3489607576327785 false 2 -1.3489607576327785 true
gene 3 3 6 -1.7627302375839082 false 3 -1.7627302375839082 true
gene 1 4 6 6.305680197540371 false 4 6.305680197540371 true
gene 2 5 6 -0.9657996968937902 false 5 -0.9657996968937902 true
gene 3 1 7 1.2946470937151233 false 6 1.2946470937151233 true
gene 1 2 7 3.7130359570694935 false 7 3.7130359570694935 true
gene 2 3 7 2.941996687250668 false 8 2.941996687250668 true
gene 3 4 7 2.205158821573209 false 9 2.205158821573209 true
gene 1 5 7 4.293470135990914 false 10 4.293470135990914 true
gene 1 7 6 1.0942524849155095 false 29 1.0942524849155095 true
gene 1 6 6 9.523862670544332 true 71 9.523862670544332 true
genomeend 81
