genomestart 78
trait 1 0 0 0.814585839399042 0 0.7135861480854556 0 0 0.40043647462172866
trait 2 0.1875 0 0 0 0 0.04585831671560074 0 0
trait 3 0.3 0 0 0 0 0 0 0
node 1 1 1 3 NullActivation
node 2 1 1 1 NullActivation
node 3 1 1 1 NullActivation
node 4 1 0 2 SigmoidSteepenedActivation
node 6 1 0 0 SigmoidSteepenedActivation
gene 1 1 4 -0.7018988883417205 false 1 -0.7018988883417205 true
gene 2 2 4 -2.4414646075198934 false 2 -2.4414646075198934 true
gene 3 3 4 -1.9308781545016194 false 3 -1.9308781545016194 true
gene 2 2 6 3.6448673216540306 false 4 3.6448673216540306 true
gene 2 6 4 4.12595324365354 false 5 4.12595324365354 true
gene 2 3 6 6.953212968193698 false 36 6.953212968193698 true
gene 3 1 6 -2.5310787949124514 false 51 -2.5310787949124514 true
genomeend 78
