genomestart 14
trait 1 0.15909601927365366 0.16521313675724691 0.02087943581235866 0.0003978144895450408 0.01327024850578971 0 0 0
trait 2 0.6907108972604132 0 0 0 0.10219957437673341 0.19984161433852235 0 0
trait 3 0.339006435846668 0 0 0.006915461497629919 0.006558503789425494 0.06538632985990223 0.060829924747523176 0.07507077020028342
node 1 1 1 3 NullActivation
node 2 1 1 1 NullActivation
node 3 1 1 1 NullActivation
node 4 1 0 2 SigmoidSteepenedActivation
node 12 1 0 0 SigmoidSteepenedActivation
gene 1 1 4 -4.743104847126016 false 1 -4.743104847126016 true
gene 3 2 4 -2.77071962512709 false 2 -2.77071962512709 true
gene 3 3 4 -1.5211042374761223 false 3 -1.5211042374761223 true
gene 3 3 12 10.469388537841446 false 16 10.469388537841446 true
gene 3 12 4 8.264724475143929 false 17 8.264724475143929 true
gene 1 2 12 6.5147491778 false 46 6.5147491778 true
gene 3 1 12 -4.557073041384561 false 69 -4.557073041384561 true
genomeend 14
